Zad2.5
0010110011
1110000011
1100010011
1011000011110111
101000111
1001100001100011
000100010
1101111011
1001100111
1100011000010
111101111010011
001101000110111
0000010011
11010101101000111
11011011111
1000010101010111
00111101010
1010001111000100011
0100001011100111
11011000011
0000000011
000000100111
1000111
10100111
101100000010011
0000110
01001110010011
1000111011111
010101100011
0011001000011111
001100001111
101001100111101111
110001101101100111
01001111010111
1110001100110011
011111101011
1100111111110111
10101101001001011
100000010
0000001100100111
0011111000011
1110111010
10000001011
00001010000111111
01000101111011
0
100010010
111011000110011
001100011
1011010111101011
101101011110
011101110010001011
1101100001001111
0110010100110
000000010
1111101111011
10111101110010
101101011100001111
1011010001111011
111000110
001110101110011
100000101010
0101110111
0011100100100100111
011001111010
0101100111111001111
1010101010010
111101010111011
00000010
10101110011
10011101011
0100000110101111111
101101001011
11011000001111
0111100101010000011
0010100010100111
01011001110
00001011010
001010000111
100110001010
00101100101111
010100101110011
1000111110
0111001100010111111
010011101110011
00110001011010110
00000010
11101100101010110
1010110101110
1000100101110011
10100010011000111
0101010010011
000000010
1000100100110
1111000110010
0111110111101011
11001011011101010
100010110110111
0110001010110000011
10010111100110010
10010111100110010
